Title=Rater Bias Analysis for Interview Assessment
Facets=4
Positive=1
Noncentered=1
Vertical=3
Model=?,?,?,?,R23
*
Labels=
1,Students
1,Student1
2,Student2
3,Student3
4,Student4
*
2,Raters
1,Rater1
2,Rater2
3,Rater3
4,Rater4
5,Rater5
6,Rater6
7,Rater7
8,Rater8
*
3,Criteria
1,comp
2,inte
*
4,Items
1,Item1
2,Item2
3,Item3
4,Item4
*
Data=
1,1,1,1,8
1,1,1,2,5
1,1,1,3,4
1,1,1,4,18
1,1,2,1,5
1,1,2,2,8
1,1,2,3,4
1,1,2,4,20
1,2,1,1,13
1,2,1,2,8
1,2,1,3,3
1,2,1,4,18
1,2,2,1,14
1,2,2,2,9
1,2,2,3,6
1,2,2,4,17
1,3,1,1,13
1,3,1,2,10
1,3,1,3,5
1,3,1,4,19
1,3,2,1,8
1,3,2,2,8
1,3,2,3,4
1,3,2,4,17
1,4,1,1,15
1,4,1,2,9
1,4,1,3,5
1,4,1,4,19
1,4,2,1,7
1,4,2,2,7
1,4,2,3,5
1,4,2,4,15
1,5,1,1,11
1,5,1,2,8
1,5,1,3,2
1,5,1,4,18
1,5,2,1,15
1,5,2,2,13
1,5,2,3,8
1,5,2,4,18
1,6,1,1,16
1,6,1,2,9
1,6,1,3,5
1,6,1,4,19
1,6,2,1,12
1,6,2,2,15
1,6,2,3,9
1,6,2,4,16
1,7,1,1,10
1,7,1,2,7
1,7,1,3,8
1,7,1,4,17
1,7,2,1,12
1,7,2,2,6
1,7,2,3,4
1,7,2,4,15
1,8,1,1,13
1,8,1,2,10
1,8,1,3,7
1,8,1,4,17
1,8,2,1,11
1,8,2,2,9
1,8,2,3,7
1,8,2,4,17
2,1,1,1,5
2,1,1,2,10
2,1,1,3,6
2,1,1,4,17
2,1,2,1,8
2,1,2,2,9
2,1,2,3,6
2,1,2,4,18
2,2,1,1,8
2,2,1,2,4
2,2,1,3,5
2,2,1,4,16
2,2,2,1,9
2,2,2,2,8
2,2,2,3,7
2,2,2,4,15
2,3,1,1,10
2,3,1,2,7
2,3,1,3,6
2,3,1,4,18
2,3,2,1,8
2,3,2,2,10
2,3,2,3,7
2,3,2,4,17
2,4,1,1,9
2,4,1,2,6
2,4,1,3,4
2,4,1,4,17
2,4,2,1,7
2,4,2,2,9
2,4,2,3,5
2,4,2,4,16
2,5,1,1,8
2,5,1,2,5
2,5,1,3,3
2,5,1,4,15
2,5,2,1,13
2,5,2,2,11
2,5,2,3,7
2,5,2,4,17
2,6,1,1,9
2,6,1,2,7
2,6,1,3,5
2,6,1,4,18
2,6,2,1,15
2,6,2,2,12
2,6,2,3,8
2,6,2,4,17
2,7,1,1,7
2,7,1,2,5
2,7,1,3,4
2,7,1,4,16
2,7,2,1,6
2,7,2,2,8
2,7,2,3,5
2,7,2,4,14
2,8,1,1,10
2,8,1,2,6
2,8,1,3,5
2,8,1,4,17
2,8,2,1,9
2,8,2,2,10
2,8,2,3,6
2,8,2,4,18
3,1,1,1,4
3,1,1,2,8
3,1,1,3,4
3,1,1,4,16
3,1,2,1,4
3,1,2,2,6
3,1,2,3,3
3,1,2,4,15
3,2,1,1,3
3,2,1,2,5
3,2,1,3,3
3,2,1,4,14
3,2,2,1,6
3,2,2,2,7
3,2,2,3,4
3,2,2,4,15
3,3,1,1,5
3,3,1,2,6
3,3,1,3,4
3,3,1,4,16
3,3,2,1,4
3,3,2,2,5
3,3,2,3,3
3,3,2,4,14
3,4,1,1,5
3,4,1,2,7
3,4,1,3,3
3,4,1,4,15
3,4,2,1,5
3,4,2,2,6
3,4,2,3,4
3,4,2,4,16
3,5,1,1,2
3,5,1,2,6
3,5,1,3,2
3,5,1,4,15
3,5,2,1,8
3,5,2,2,7
3,5,2,3,3
3,5,2,4,14
3,6,1,1,5
3,6,1,2,8
3,6,1,3,4
3,6,1,4,16
3,6,2,1,9
3,6,2,2,8
3,6,2,3,5
3,6,2,4,15
3,7,1,1,8
3,7,1,2,6
3,7,1,3,4
3,7,1,4,15
3,7,2,1,4
3,7,2,2,5
3,7,2,3,3
3,7,2,4,13
3,8,1,1,7
3,8,1,2,8
3,8,1,3,4
3,8,1,4,16
3,8,2,1,7
3,8,2,2,8
3,8,2,3,4
3,8,2,4,16
4,1,1,1,18
4,1,1,2,12
4,1,1,3,10
4,1,1,4,20
4,1,2,1,20
4,1,2,2,14
4,1,2,3,12
4,1,2,4,22
4,2,1,1,18
4,2,1,2,10
4,2,1,3,8
4,2,1,4,20
4,2,2,1,17
4,2,2,2,12
4,2,2,3,9
4,2,2,4,19
4,3,1,1,19
4,3,1,2,11
4,3,1,3,9
4,3,1,4,21
4,3,2,1,17
4,3,2,2,13
4,3,2,3,10
4,3,2,4,19
4,4,1,1,19
4,4,1,2,10
4,4,1,3,8
4,4,1,4,21
4,4,2,1,15
4,4,2,2,11
4,4,2,3,9
4,4,2,4,18
4,5,1,1,18
4,5,1,2,9
4,5,1,3,7
4,5,1,4,20
4,5,2,1,18
4,5,2,2,12
4,5,2,3,9
4,5,2,4,20
4,6,1,1,19
4,6,1,2,11
4,6,1,3,9
4,6,1,4,21
4,6,2,1,16
4,6,2,2,13
4,6,2,3,10
4,6,2,4,18
4,7,1,1,17
4,7,1,2,9
4,7,1,3,7
4,7,1,4,19
4,7,2,1,15
4,7,2,2,11
4,7,2,3,8
4,7,2,4,17
4,8,1,1,17
4,8,1,2,10
4,8,1,3,8
4,8,1,4,20
4,8,2,1,17
4,8,2,2,12
4,8,2,3,9
4,8,2,4,19